200027938836082, 135313515251542, 37945458137479 @ 133, 259, 506
285259862606823, 407476720802151, 448972585175416 @ 12, -120, -241
329601664688534, 370686722303193, 178908568819244 @ -133, -222, 168
224985900829298, 214925632111185, 149368039079818 @ 77, 81, 242
296437806379588, 68696864488553, 9964503372160 @ 34, 338, 300
232239129106374, 223028585546926, 246426150966661 @ 89, 147, 48
271805776381363, 498745349607170, 241968934263498 @ -70, -773, 21
334618297909998, 287662575776141, 307715065462604 @ -33, 80, -24
209686250664760, 187819441819935, 272042848835366 @ 52, -231, -357
277500761149058, 333431119693601, 114011249139706 @ 44, 41, 206
312118668181768, 495014609197265, 186766093899598 @ 16, -106, 119
299683250085970, 97849820660305, 270011660400330 @ -44, 330, -5
229720558256611, 150910727673562, 243270833145468 @ -68, 117, -77
304248494909992, 219767581530113, 254465655656873 @ -137, 38, -6
246750940858792, 233990979047981, 210953288389140 @ -62, -168, 120
233067759142206, 198113631860301, 199711852215930 @ 32, 61, 145
194273010182062, 231126869346983, 175766437001790 @ 147, 25, 191
422437581013498, 520681737761805, 551376558156718 @ -149, -221, -336
213621024566196, 152714072145937, 231042606220912 @ -54, -74, -76
196857076420466, 257330625183425, 151562284105578 @ 149, -379, 427
369318041141350, 320601489876785, 404752437430854 @ -56, 62, -122
177717686542186, 261386998367960, 271529522712591 @ 189, -59, -46
262701995382254, 313552465631125, 382611373509334 @ -24, -189, -324
170297191018136, 178309134118657, 225360885518954 @ 212, 142, 69
227622713436232, 154353931514341, 280415902687702 @ 58, 204, -81
314948926503302, 408416248916028, 453190315236620 @ -39, -143, -265
293223113430502, 423607642677073, 319619656107050 @ -38, -266, -99
252020827135166, 156505968362865, 310375343290926 @ -136, 126, -386
263439342121787, 301341574163972, 252713891021320 @ 38, 17, 35
198791366653612, 97037164135423, 237475860248930 @ 148, 643, -135
265515753922082, 77028908701403, 372580955540610 @ -67, 431, -383
244122754125607, 216118441735598, 251141183508785 @ -32, -55, -34
368405242763362, 487076527780613, 257997522712470 @ -63, -141, 40
255316322983682, 108881920473485, 223486097050440 @ -67, 344, 70
248202087006514, 332313273894033, 299629715190090 @ 79, 48, -5
242526038555392, 172309277470091, 281968246773090 @ 38, 177, -55
377029210698079, 355128725572901, 168339101770659 @ -44, 50, 136
195247088386282, 207400901771393, 179202560974770 @ 176, -444, 446
305350369740094, 318546425948691, 359769376111386 @ 7, 49, -83
220238585738990, 301135827650157, 178425231826166 @ 92, -75, 168
293134188318610, 455585245138889, 178821007816418 @ 25, -103, 132
296805282994282, 477461073094877, 160305288302868 @ 33, -84, 146
551484833298770, 430831686261581, 415123879556900 @ -235, -40, -120
264263487126684, 475446609663063, 234719810787824 @ 62, -107, 68
208118421230229, 186370297031592, 162445108177304 @ 102, 51, 303
379457876720978, 470069791102841, 319907054392598 @ -115, -196, -54
307081543504480, 345947348356843, 333126004018988 @ -26, -47, -84
275592475604044, 268751187599757, 291577264394906 @ -26, -20, -67
223538882701191, 241874529688322, 236884948735720 @ 66, -49, 35
217306880344022, 228332316074413, 132327655645815 @ 105, 114, 226
288613631151179, 344112266171307, 264129986825655 @ 44, 60, 40
391925053763340, 380982015060763, 513639079473102 @ -90, -17, -257
317349509030790, 434745366987169, 209235218174754 @ -76, -270, 103
265019875952157, 100779004627568, 193342693392940 @ -52, 353, 159
239497638093832, 145125270103727, 21043699168434 @ 8, 221, 713
235688079024824, 236070451305047, 249110777938228 @ 24, -55, -6
254338369110232, 284989404572389, 149097978418136 @ 58, 60, 182
170962227947302, 78199807246080, 77886341913974 @ 193, 379, 377
188700869304678, 17975326303209, 364531904960094 @ 144, 384, -56
188146734972721, 198414310422359, 31503292875758 @ 154, 152, 417
209859086224528, 126699646051391, 242207571947277 @ 87, 280, -22
339514053892582, 305669314514513, 358205645006730 @ -92, -10, -139
364239230823630, 134872902901983, 261941454368215 @ -79, 268, 30
224460476321604, 296552716035239, 275414144435650 @ 11, -568, -195
87643762120749, 180316544924259, 270813136963950 @ 264, 216, 25
396704525151872, 86365100440993, 193863226488620 @ -60, 318, 110
287579264392312, 541282922916881, 310697373167610 @ 18, -266, -35
219115359852829, 425077073845073, 255652122856596 @ 92, -362, 7
345130946591991, 463544251720861, 528954166317265 @ -24, -86, -250
211798361516338, 169917478027707, 240060316499404 @ 37, -71, -84
234073712530041, 208961882726755, 261193905624604 @ 24, 16, -49
260673598074478, 273125896519813, 303569550514920 @ 25, 18, -65
234225942126142, 334594973868557, 249357715571756 @ -47, -814, -73
194503280378341, 83543670520014, 234685741733095 @ 142, 349, 60
256825512968734, 217098465735509, 281163376366062 @ 20, 99, -38
206903429582962, 285693092592113, 419158418070570 @ 101, -460, -845
249311051976182, 213020513000653, 83458884867380 @ -7, 34, 471
330368645477374, 263338996885345, 221100829139928 @ -89, 46, 82
236262398273986, 184664223382601, 209185855979298 @ -49, -11, 136
298064517145996, 438537394814861, 176088036632055 @ 31, -46, 130
295490246929342, 397446098278553, 339376231881390 @ 32, -8, -42
254324790454585, 336889283238461, 196599761151279 @ 16, -174, 134
182262064412882, 206007569681201, 374257893209674 @ 158, 167, -133
223426344993655, 424185113242685, 393301531410891 @ 110, -14, -86
320760904752983, 184993183332542, 87890558602034 @ -36, 197, 269
283961007648219, 176128474236562, 79127578720829 @ -40, 177, 374
301136921143282, 385966081948625, 343703516477226 @ 33, 22, -38
341468210661298, 388247589073361, 257419541423082 @ -23, -10, 43
222094532764222, 104419022560328, 149419156083345 @ -39, 455, 630
225621024483212, 179835009574931, 225426472393282 @ -52, -103, 41
180590209225432, 174387449432793, 273841337539820 @ 235, 30, -201
279247881380594, 520526120105281, 153622924992218 @ -43, -596, 231
273158965208722, 315710335804973, 173971146323010 @ -83, -279, 219
267979293363034, 227311776608853, 274876632996975 @ -179, -182, -170
273267030106312, 298860128841353, 250487127745100 @ 46, 74, 48
197562635430598, 271758220363921, 190988479076304 @ 139, -74, 154
165710284540612, 156670111374815, 125338936908300 @ 248, 179, 400
317944886562946, 216904763352419, 309117144349596 @ -131, 77, -116
546731571529402, 506707788552983, 357821666355380 @ -215, -103, -54
286105887874482, 276472328823817, 289923386450858 @ -67, -69, -79
235388770625038, 237793394137259, 342120134173245 @ 25, -60, -290
477732253201002, 251586033009398, 395444643202490 @ -195, 131, -123
204705827128732, 308629152997013, 302605879848540 @ 123, -110, -93
376997830155931, 369071431413774, 285168848102309 @ -74, -5, 8
311831859199679, 310731690408100, 346529249203462 @ 24, 99, -39
255467223349492, 135838974808586, 248643090053601 @ 63, 267, 48
264148672257454, 174903319987529, 153123286013378 @ -20, 164, 243
316205705123896, 286786590620183, 277768052454294 @ -209, -192, -87
280868990296682, 274007307501593, 307012157851570 @ -9, 20, -69
201753536198032, 242396991020453, 245568548141010 @ 128, -56, 9
328051439833898, 434546576899369, 249510611786626 @ -24, -99, 48
264640019914610, 227935465050577, 245725553705994 @ -58, -20, 7
352390492484930, 534651025917425, 264313956967042 @ -33, -166, 36
533833867672880, 553611320645473, 476050170268652 @ -274, -242, -228
251119099939790, 304280134982224, 248772419744767 @ 41, -41, 32
283071362253322, 364191219048673, 310190393003530 @ 16, -56, -43
356295539800102, 392581665802868, 314502430364895 @ -23, 13, -10
227633359450920, 191503364565333, 214102076185962 @ -120, -312, 133
269699389153161, 105374462482562, 184661370796480 @ -88, 347, 195
295865488902134, 146498506936395, 370232632173154 @ 39, 259, -63
247392543884764, 337636443014113, 281040486310450 @ -128, -882, -255
326411290618424, 365653413141261, 422264849974398 @ -9, 10, -143
258418426189826, 121673030731129, 300829489051738 @ -49, 295, -169
307292563519186, 377127442654401, 392722234592218 @ -245, -603, -526
205781583202267, 265470269558019, 197731337175253 @ 88, -804, 254
249711429057846, 265531095717107, 268515984071116 @ 35, 5, -12
165360322069199, 134996423563510, 157235516730598 @ 296, 241, 377
171467775968482, 219947616561893, 195539332516370 @ 181, 122, 125
292438097454242, 374099369566833, 283127011356330 @ 20, -24, 7
285218340510922, 293119294141957, 338864183316494 @ -197, -365, -378
176387437668760, 162256430098307, 145987632841698 @ 240, 119, 417
258595198656378, 238121490933883, 284046844008568 @ 9, 43, -52
332209231670784, 442465418130361, 510375408965104 @ -90, -254, -406
142029660870022, 199302722044401, 48566760894860 @ 223, 166, 350
178734727735972, 283277301976333, 330773939663279 @ 163, 58, -72
373166187989528, 283639478033222, 517458307841330 @ -169, 5, -435
328013730776722, 356434964469173, 313551231751230 @ -11, 20, -21
227260751593414, 267181552851329, 315951113497524 @ 91, 62, -64
324116670655010, 269566969541385, 71656400088674 @ -9, 115, 254
203495944150856, 292645522720043, 254019521387110 @ 122, -247, -25
173036351405092, 151745787866063, 201246206335080 @ 224, 195, 146
231766047638707, 247936662684443, 190672789320870 @ 40, -76, 169
215754528047932, 173734978906403, 241928569107300 @ 78, 115, 6
251992212847102, 120693415221781, 40186447363282 @ 28, 291, 447
208441458326038, 331856061497789, 152732438943885 @ 97, -598, 370
229223718072877, 200402768463953, 200257259587870 @ -20, -106, 185
197147995569574, 379602113606061, 228459288583312 @ 139, -248, 66
291172692753310, 372021072514745, 352834309835310 @ 34, 12, -60
217546833794162, 191290040026161, 253501313407626 @ 53, -15, -71
249400409134386, 300702178134668, 313455739745512 @ 69, 53, -37
215236809500751, 131312078498914, 165853238519326 @ -16, 237, 609
438453432810582, 255940860832443, 411360000299370 @ -165, 117, -155
206755963901242, 211675935561037, 110793997188122 @ 103, -99, 569
236951124070132, 297466048455277, 256754962609874 @ 58, -68, 9
148871580460682, 208977260642833, 283796479792374 @ 233, 118, -41
337533398001784, 127917348501766, 371069630077386 @ -41, 277, -107
231076785232567, 316464170169778, 303962794692535 @ 82, -33, -54
295230931636387, 148283307864483, 231544980136845 @ 16, 252, 70
286684562586450, 418045752689857, 311412130974136 @ 21, -98, -34
195325542326857, 296413361574293, 180152830662495 @ 142, -46, 160
293562234234353, 253195050605080, 258263678125607 @ -28, 61, 18
216627802440430, 191786233378484, 218670118900485 @ 9, -205, 90
212444194265086, 242160041952083, 408504771540078 @ 99, -37, -433
399468503044708, 237747966985439, 380022351954012 @ -114, 141, -114
203034431104332, 153584219202793, 169732345813245 @ 123, 190, 250
336522604758118, 378765298159913, 115634023739946 @ -46, -52, 221
411855682188620, 289560020485619, 168044857741446 @ -90, 107, 139
239686437684766, 146178719042051, 247333702720794 @ 31, 229, 13
328763578487386, 275729337950797, 210598159374158 @ -191, -96, 107
267869747483902, 305658162631193, 241953404455310 @ 19, -22, 47
233945494232562, 163881852595793, 235975835715210 @ -130, -7, -44
210963216216681, 173665593303812, 207386955753599 @ 90, 95, 132
211774017429793, 221451657767448, 198694845256484 @ 100, 13, 143
201122974777881, 173694931503961, 187410525515336 @ 114, -530, 639
371613372690436, 483053706628323, 446474143269594 @ -284, -587, -467
380537549453506, 427500787123361, 332068790285034 @ -120, -143, -73
199833661019450, 230482885690417, 270628811830218 @ 134, -254, -179
359597808018575, 202976442100239, 275153144455668 @ -90, 172, 7
190311437668434, 54253328484833, 255169066295072 @ 149, 398, 26
427211286234874, 320791580106737, 186751692997740 @ -111, 70, 120
182156336120309, 90705213353086, 152603736579205 @ 212, 439, 380
272080371889046, 200763090252365, 472710661392650 @ 42, 185, -235
250649446980406, 276179305667147, 269492258715691 @ 25, -40, -22
255098527784527, 200845917950958, 258384224425040 @ -56, 25, -49
340406502141208, 486235039883213, 318910309653471 @ -125, -382, -98
482001492375650, 263042397221697, 446541180443914 @ -145, 144, -139
250747569743782, 478592698602593, 289346846111970 @ 62, -214, -13
240995947673902, 145335091170113, 81413838485376 @ 43, 238, 388
378259953533280, 143771322077729, 377459699176962 @ -124, 254, -143
295822845200538, 441223847533342, 333556471981606 @ 29, -63, -39
290337153909832, 257774418382218, 290984778864545 @ -17, 61, -34
251648926041376, 62269949471439, 128010029337696 @ 55, 376, 223
192425556641514, 176775297492433, 211659510716286 @ 231, -362, 184
247773132592477, 263236520189528, 103420788870610 @ -68, -295, 573
216098157036706, 190834023680381, 366267177502218 @ 105, 167, -171
219949293285996, 207455129378943, 224159150767575 @ 71, 28, 70
217743395935322, 90553240327633, 283457993611458 @ -22, 598, -476
262647153477247, 347326523342993, 206953249958700 @ 42, -42, 103
236510128651939, 170111053460876, 285079651867944 @ 32, 159, -97
232424660720782, 236304039993632, 238777501370190 @ 33, -59, 25
194098673191672, 179897551477442, 251357502719184 @ 163, 11, -77
215590056284422, 169708095720473, 210174049374090 @ -30, -168, 181
389953474749235, 325106002770038, 285108735092688 @ -150, -17, -13
75073384713112, 25765351030553, 131958661160370 @ 276, 394, 185
201493678702066, 196383295909937, 323040563757738 @ 129, 89, -198
339871829605604, 301592523784752, 287903705946757 @ -73, 21, -16
264880646188178, 271635837320233, 237667407273658 @ -51, -132, 33
443396947040705, 345039086220391, 242759916727681 @ -106, 64, 62
259698470412892, 280522544679548, 120491314920210 @ -65, -231, 413
202040412653747, 278867613094134, 208069614860446 @ 128, -99, 113
250301573762772, 306866454590713, 227347657873710 @ 20, -126, 67
156475137204672, 230116653452939, 187571542343518 @ 218, 77, 147
257455927978132, 145886897028596, 309692837822862 @ -17, 229, -151
209164030957770, 209515060839558, 201556717502513 @ 77, -227, 194
189737946436922, 173014891184393, 204877857300010 @ 207, -52, 189
166598000701104, 268840955423078, 92160355769345 @ 179, 83, 260
226193194431032, 160418199680023, 223236421200320 @ -102, -21, 50
184919377653217, 233255517014513, 167626425491515 @ 256, -586, 506
316454485542526, 346799816876993, 313798741982334 @ -26, -22, -44
368059091363419, 367009944722297, 307598255425446 @ -164, -146, -71
232588322065552, 229873185432965, 234896095782339 @ 43, -6, 42
226614096902854, 205663209347485, 250203858638726 @ 46, 21, -16
256892558569042, 284768449724121, 227553246645242 @ -47, -221, 59
311747525787082, 246161647148318, 337709030604120 @ -35, 99, -93
230806682829532, 287176556008133, 212773336187434 @ 58, -112, 101
173288955408256, 245810645263947, 138653412983474 @ 190, 25, 257
244082013066922, 265815839450393, 308535371620330 @ 52, 23, -79
142898137072258, 256462610679739, 193948445233226 @ 277, -48, 149
244168244022010, 251871427985033, 238530905276730 @ 41, 18, 45
261012816944908, 197858407057909, 409255846642198 @ -86, 24, -597
212041885321831, 210916662732545, 209276504516264 @ 16, -538, 183
297787953120938, 257896976480377, 335508835863582 @ -21, 72, -98
205969343213662, 124866770359418, 191246958410595 @ 41, 313, 520
185495105794072, 182028900956453, 314125834857813 @ 223, -62, -502
246335901706586, 333469921797527, 335790374869608 @ 65, -25, -86
392960680861072, 347343247331323, 211544205935330 @ -65, 52, 93
261644860722838, 485350956642647, 177657432845388 @ 31, -315, 154
270920640787087, 227132466169943, 221561809993320 @ -186, -172, 75
358923751946616, 301992328806047, 300783553351302 @ -66, 59, -17
224485337894317, 154469205163707, 223102145017560 @ -62, 60, 55
450561343198590, 487035149479378, 407239521511251 @ -135, -107, -116
299853372809677, 48476745323603, 467390546598000 @ -32, 408, -325
298830936266626, 291798749626433, 485433904501176 @ -131, -162, -626
277523562889083, 300234195516429, 337092559332891 @ 56, 106, -32
248653804580626, 262874295779045, 238924886386478 @ -11, -124, 27
255806245934219, 318844142777107, 367636284715854 @ -34, -296, -359
223522959259682, 395910120888177, 285125525425450 @ 108, -8, 15
228730009573754, 222519263517397, 323173430025654 @ 99, 165, -38
229946667709342, 192117214961330, 253579791283212 @ -47, -113, -121
257628032013062, 217468286014509, 232678437185618 @ 38, 129, 63
271556835748734, 345202992463693, 259465434800126 @ 51, 28, 39
336487836502395, 186878758409691, 85301935620388 @ -36, 204, 251
251528770085594, 333887777405675, 260994552338240 @ 65, 5, 30
219577653809182, 154577029498943, 237951868111020 @ -13, 73, -54
279821188982786, 312453345647441, 288836815141338 @ 9, -10, -23
496808769097352, 529365960101157, 515544025043822 @ -382, -420, -429
316511122733995, 110486632399634, 356160985833744 @ -56, 305, -137
219514532695492, 195113648040579, 276500143560306 @ 43, -36, -179
282196269411606, 249000919840789, 317500292685298 @ -16, 57, -93
203148590203482, 94672313021233, 87023850261610 @ 123, 382, 509
221765864569372, 198750765619828, 121797493795120 @ 55, 21, 435
180230161063155, 162295810490995, 227824230142053 @ 294, -8, 16
365112164680882, 478434372728993, 227392357304970 @ -31, -71, 77
193967007526857, 360109286768802, 136183490676803 @ 158, -683, 428
178928293374594, 133840610798121, 252427548622158 @ 177, 264, 16
313972661483208, 430389904970724, 474830430199696 @ -189, -579, -637
243671340770666, 239787962003561, 378942374151308 @ -39, -166, -544
330942104453366, 294562372023097, 197426796741198 @ -100, -20, 124
219569261003863, 280342381340302, 195266824989205 @ 64, -263, 170
314991842177074, 258058199380545, 362245986975742 @ -155, -50, -273
228170987436690, 216833054656631, 274746095171817 @ 101, 176, 22
359722074153721, 183065145941027, 231068416031061 @ -44, 216, 72
300699721344811, 296229362436594, 258818598634950 @ -20, 21, 25
175246559001112, 239018771951603, 234733961773215 @ 199, -20, 44
195503841965434, 292822135129676, 126595482391086 @ 141, -15, 249
210122253097426, 117663667622183, 64139386471206 @ 117, 293, 331
267858396535087, 183865771984128, 276078152981305 @ -26, 145, -48
238651110653899, 159691722304274, 353384593960029 @ 82, 235, -92
227633012565742, 286842156678083, 183847230586950 @ 105, 116, 121
333288134138558, 310005440370059, 289513720020993 @ -55, 20, -14
364060312830814, 275331776026907, 404235609101853 @ -95, 72, -172
285036868217538, 195280797866981, 290058103457564 @ -99, 92, -108
212639762301738, 360074885372545, 71706946494338 @ 116, -36, 284
336830103228052, 364902277732998, 208265007312401 @ -77, -87, 102
326239698790313, 163971514061130, 208364532591176 @ -28, 231, 99
331845161397556, 300298732568051, 283094203334462 @ -20, 77, 11
228533587686617, 202201370353503, 235991282914435 @ 32, 12, 26
246667455209470, 195051752027597, 192733032724350 @ -165, -156, 255
306304636512517, 223742266948043, 444396004495350 @ -54, 108, -311
296039899934322, 145129329948113, 402362269082890 @ 5, 254, -159
202999771762228, 146240051943681, 237753178134706 @ 82, -50, -231
382805429868506, 336410075463609, 440218611480970 @ -198, -101, -315
408884926032706, 202770803758919, 369957487852320 @ -179, 165, -140
187454478565317, 171799851968911, 251734618819341 @ 218, -24, -134
209476850606455, 145318450089827, 235058218661112 @ 26, 72, -93
237143661838570, 267500655008013, 319742257387126 @ 55, -17, -126
264297070549015, 252770344735044, 261027553674786 @ 22, 61, 13
223813420961976, 158033971202187, 224609305596604 @ -34, 61, 48
247955936421811, 430129512657056, 185221232669868 @ 74, -95, 127
196439322869622, 266185955942518, 344761596267147 @ 153, -497, -614
